Resnet18_base:
pd: 0.0004861111111111111,0.0010763888888888889,0.003159722222222222,0.007673611111111111,0.0171875,0.04010416666666667,0.08993055555555556,0.19246527777777778,0.36163194444444446,0.5806944444444444,0.7859027777777777,0.9185763888888889,0.9762152777777777,0.9943402777777778,0.9982986111111111,0.9994097222222222,0.9996875,0.9998958333333333,0.9998611111111111,0.9997569444444444,0.9996875,0.9996180555555556,0.9994791666666667,0.9992708333333333,0.9989930555555555,0.9984375,0.9977083333333333,0.9965277777777778,0.9952430555555556,0.9935069444444444,0.9918055555555556,0.990625,0.98875,0.9866666666666667,0.9854166666666667,0.9857986111111111,0.9875347222222223,0.9898611111111111,0.993125,0.9970833333333333,0.9994791666666667
pfa: 5e-05

Resnet18_course:
pd: 0.002777777777777778,0.004201388888888889,0.006875,0.011840277777777778,0.021111111111111112,0.03857638888888889,0.06736111111111111,0.11736111111111111,0.2,0.3243402777777778,0.49930555555555556,0.7011111111111111,0.8607638888888889,0.9463541666666667,0.9813194444444444,0.9951041666666667,0.9990625,0.9998611111111111,1.0,1.0,1.0,1.0,1.0,1.0,1.0,1.0,1.0,1.0,1.0,1.0,1.0,1.0,1.0,1.0,1.0,1.0,1.0,1.0,1.0,1.0,1.0
pfa: 0.00055

Resnet18_course_se:
pd: 0.00010416666666666667,0.00017361111111111112,0.0007291666666666667,0.001736111111111111,0.0043055555555555555,0.00986111111111111,0.027916666666666666,0.06770833333333333,0.15743055555555555,0.3254166666666667,0.5549652777777778,0.7787847222222222,0.9178125,0.9747569444444445,0.9941666666666666,0.9988541666666667,0.9997222222222222,0.9999652777777778,1.0,1.0,1.0,1.0,1.0,1.0,1.0,1.0,1.0,1.0,1.0,1.0,1.0,1.0,1.0,1.0,1.0,1.0,1.0,1.0,1.0,1.0,1.0
pfa: 5e-06

Resnet18_course_dualse:
pd: 3.472222222222222e-05,6.944444444444444e-05,0.00010416666666666667,0.0002777777777777778,0.0013541666666666667,0.005,0.017083333333333332,0.051493055555555556,0.13802083333333334,0.3107638888888889,0.5561805555555556,0.778125,0.9142708333333334,0.9676388888888889,0.9813888888888889,0.9839236111111112,0.9867361111111111,0.9919097222222222,0.9972569444444445,0.9998263888888889,0.9999652777777778,1.0,1.0,1.0,1.0,1.0,1.0,1.0,1.0,1.0,1.0,1.0,1.0,1.0,1.0,1.0,1.0,1.0,1.0,1.0,1.0
pfa: 0.0