cnn_easy:
pd: 0.0,0.0,0.0,0.0,0.0,0.0,0.0,0.0,0.0011111111111111111,0.003611111111111111,0.0225,0.07833333333333334,0.20222222222222222,0.4075,0.6133333333333333,0.7811111111111111,0.8952777777777777,0.9566666666666667,0.9822222222222222,0.9933333333333333,0.9991666666666666,0.9997222222222222,1.0,1.0,1.0,1.0,1.0,1.0,1.0,1.0,1.0
pfa: 0.0,0.0,0.0,0.0,0.0,0.0,0.0,0.0,0.0,0.0,0.0,0.0,0.0,0.0,0.0,0.0,0.0,0.0,0.0,0.0,0.0,0.0,0.0,0.0,0.0,0.0,0.0,0.0,0.0,0.0,0.0

cnn_mul:
pd: 0.0,0.0,0.0,0.0,0.0,0.0,0.0,0.0,0.0,0.0,0.0,0.0,0.0,0.0005555555555555556,0.035277777777777776,0.24444444444444444,0.6236111111111111,0.8986111111111111,0.9825,0.9991666666666666,1.0,1.0,1.0,1.0,1.0,1.0,1.0,1.0,1.0,1.0,1.0
pfa: 0.0,0.0,0.0,0.0,0.0,0.0,0.0,0.0,0.0,0.0,0.0,0.0,0.0,0.0,0.0,0.0,0.0,0.0,0.0,0.0,0.0,0.0,0.0,0.0,0.0,0.0,0.0,0.0,0.0,0.0,0.0

VGG11:
pd: 0.0,0.0,0.0,0.0,0.0,0.0,0.0002777777777777778,0.0025,0.004722222222222222,0.014166666666666666,0.025277777777777777,0.06027777777777778,0.14777777777777779,0.3022222222222222,0.45111111111111113,0.5686111111111111,0.6925,0.8116666666666666,0.9052777777777777,0.9530555555555555,0.9808333333333333,0.9958333333333333,0.9988888888888889,1.0,1.0,1.0,1.0,1.0,1.0,1.0,1.0
pfa: 0.0,0.0,0.0,0.0,0.0,0.0,0.0,0.0,0.0,0.0,0.0,0.0,0.0,0.0,0.0,0.0,0.0,0.0,0.0,0.0,0.0,0.0,0.0,0.0,0.0,0.0,0.0,0.0,0.0,0.0,0.0

Resnet18:
pd: 0.0,0.0,0.0,0.0,0.0,0.0,0.0002777777777777778,0.001388888888888889,0.004166666666666667,0.019444444444444445,0.08611111111111111,0.2763888888888889,0.5566666666666666,0.8141666666666667,0.94,0.9855555555555555,0.9969444444444444,1.0,1.0,1.0,1.0,1.0,1.0,1.0,1.0,1.0,1.0,1.0,1.0,1.0,1.0
pfa: 0.0,0.0,0.0,0.0,0.0,0.0,0.0,0.0,0.0,0.0,0.0,0.0,0.0,0.0,0.0,0.0,0.0,0.0,0.0,0.0,0.0,0.0,0.0,0.0,0.0,0.0,0.0,0.0,0.0,0.0,0.0

