cnn_easy:
pd: 0.0040625,0.0061805555555555555,0.010798611111111111,0.02017361111111111,0.03788194444444445,0.06746527777777778,0.12444444444444444,0.2243402777777778,0.3709722222222222,0.5614930555555555,0.7514583333333333,0.8907638888888889,0.9652083333333333,0.9896875,0.9968055555555555,0.9988541666666667,0.9994444444444445,0.9996527777777777,0.9998263888888889,0.9999305555555555,1.0,1.0,1.0,1.0,1.0,1.0,1.0,1.0,1.0,1.0,1.0,1.0,1.0,1.0,1.0,1.0,1.0,1.0,1.0,1.0,1.0
pfa: 0.000405

VGG11:
pd: 0.00010416666666666667,0.0002777777777777778,0.0010416666666666667,0.0038541666666666668,0.010798611111111111,0.0290625,0.074375,0.17017361111111112,0.3426388888888889,0.5805902777777778,0.8001041666666666,0.9318402777777778,0.9843402777777778,0.9969097222222222,0.999375,0.9997222222222222,0.9998958333333333,0.9999652777777778,0.9999652777777778,0.9999305555555555,0.9999305555555555,0.9998263888888889,0.9997916666666666,0.9997916666666666,0.9998263888888889,0.9996875,0.9996180555555556,0.999375,0.9993402777777778,0.9993055555555556,0.9991319444444444,0.9991319444444444,0.9989930555555555,0.9991666666666666,0.9995138888888889,0.9995833333333334,0.9997916666666666,0.9999305555555555,1.0,1.0,1.0
pfa: 1e-05

Resnet18:
pd: 0.0004861111111111111,0.0010763888888888889,0.003159722222222222,0.007673611111111111,0.0171875,0.04010416666666667,0.08993055555555556,0.19246527777777778,0.36163194444444446,0.5806944444444444,0.7859027777777777,0.9185763888888889,0.9762152777777777,0.9943402777777778,0.9982986111111111,0.9994097222222222,0.9996875,0.9998958333333333,0.9998611111111111,0.9997569444444444,0.9996875,0.9996180555555556,0.9994791666666667,0.9992708333333333,0.9989930555555555,0.9984375,0.9977083333333333,0.9965277777777778,0.9952430555555556,0.9935069444444444,0.9918055555555556,0.990625,0.98875,0.9866666666666667,0.9854166666666667,0.9857986111111111,0.9875347222222223,0.9898611111111111,0.993125,0.9970833333333333,0.9994791666666667
pfa: 5e-05

