cnn_easy:
pd: 0.0010069444444444444,0.0021875,0.0046875,0.011111111111111112,0.02340277777777778,0.05184027777777778,0.10798611111111112,0.21309027777777778,0.37725694444444446,0.5885069444444444,0.7940972222222222,0.9262152777777778,0.9813194444444444,0.9973611111111111,0.9996527777777777,0.9999305555555555,0.9999652777777778,1.0,1.0,1.0,1.0,1.0,1.0,1.0,1.0,1.0,1.0,1.0,1.0,1.0,1.0,1.0,1.0,1.0,1.0,1.0,1.0,1.0,1.0,1.0,1.0
pfa: 0.00025

VGG11:
pd: 0.0,0.0001388888888888889,0.00034722222222222224,0.0015972222222222223,0.004166666666666667,0.012118055555555556,0.03236111111111111,0.0834375,0.18625,0.3645833333333333,0.5984375,0.8057638888888888,0.9332291666666667,0.9842708333333333,0.9978125,0.9997916666666666,0.9999652777777778,1.0,1.0,1.0,1.0,1.0,1.0,1.0,1.0,1.0,1.0,1.0,1.0,1.0,1.0,1.0,1.0,1.0,1.0,1.0,1.0,1.0,1.0,1.0,1.0
pfa: 2e-05

Resnet18:
pd: 0.002777777777777778,0.004201388888888889,0.006875,0.011840277777777778,0.021111111111111112,0.03857638888888889,0.06736111111111111,0.11736111111111111,0.2,0.3243402777777778,0.49930555555555556,0.7011111111111111,0.8607638888888889,0.9463541666666667,0.9813194444444444,0.9951041666666667,0.9990625,0.9998611111111111,1.0,1.0,1.0,1.0,1.0,1.0,1.0,1.0,1.0,1.0,1.0,1.0,1.0,1.0,1.0,1.0,1.0,1.0,1.0,1.0,1.0,1.0,1.0
pfa: 0.00055

