VGG11:
pd: 0.6919791666666667,0.8786111111111111,0.9662847222222222,0.9922916666666667,0.9980208333333334,0.9992013888888889,0.999375,0.999375,0.9992361111111111,0.9990625,0.9988888888888889,0.9987152777777778,0.9985416666666667,0.9980555555555556,0.9976388888888889,0.9972222222222222,0.9965972222222222,0.9961458333333333,0.9962152777777777,0.9964930555555556,0.9967361111111112,0.9972916666666667,0.9979513888888889,0.9981597222222223,0.99875,0.9991666666666666,0.9994097222222222,0.9996875,0.9998611111111111,0.9999652777777778,1.0
pfa: 0.0

Resnet18:
pd: 0.6205555555555555,0.8274652777777778,0.9401736111111111,0.9830208333333333,0.9948958333333333,0.9981944444444445,0.9988194444444445,0.9991666666666666,0.9993402777777778,0.999375,0.9991666666666666,0.9989583333333333,0.9986111111111111,0.9981597222222223,0.9976388888888889,0.9968055555555555,0.995625,0.9948958333333333,0.9935069444444444,0.9925694444444444,0.9917361111111112,0.9915972222222222,0.9924305555555556,0.9942708333333333,0.9966319444444445,0.9986805555555556,0.9993402777777778,1.0,1.0,1.0,1.0
pfa: 0.0

cnn_easy:
pd: 0.6889236111111111,0.8406944444444444,0.9392708333333334,0.9826388888888888,0.9962152777777777,0.9993055555555556,0.9998263888888889,1.0,1.0,1.0,1.0,1.0,1.0,1.0,1.0,1.0,1.0,1.0,1.0,1.0,1.0,1.0,1.0,1.0,1.0,1.0,1.0,1.0,1.0,1.0,1.0
pfa: 0.002425

