VGG11:
pd: 0.00010416666666666667,0.00020833333333333335,0.0003125,0.0007291666666666667,0.0015972222222222223,0.004166666666666667,0.012152777777777778,0.03822916666666667,0.10673611111111111,0.25083333333333335,0.4901041666666667,0.7423958333333334,0.9112152777777778,0.9801736111111111,0.9965625,0.999375,0.9997222222222222,0.9999652777777778,1.0,1.0,1.0,1.0,1.0,1.0,1.0,1.0,1.0,1.0,1.0,1.0,1.0,1.0,1.0,1.0,1.0,1.0,1.0,1.0,1.0,1.0,1.0
pfa: 0.0

Resnet18:
pd: 3.472222222222222e-05,6.944444444444444e-05,0.00010416666666666667,0.0002777777777777778,0.0013541666666666667,0.005,0.017083333333333332,0.051493055555555556,0.13802083333333334,0.3107638888888889,0.5561805555555556,0.778125,0.9142708333333334,0.9676388888888889,0.9813888888888889,0.9839236111111112,0.9867361111111111,0.9919097222222222,0.9972569444444445,0.9998263888888889,0.9999652777777778,1.0,1.0,1.0,1.0,1.0,1.0,1.0,1.0,1.0,1.0,1.0,1.0,1.0,1.0,1.0,1.0,1.0,1.0,1.0,1.0
pfa: 0.0

