Resnet18:
pd: 0.8195833333333333,0.9381597222222222,0.9862847222222222,0.9979166666666667,0.9998263888888889,0.9999305555555555,1.0,1.0,1.0,1.0,1.0,1.0,1.0,1.0,1.0,1.0,1.0,1.0,1.0,1.0,1.0,1.0,1.0,1.0,1.0,1.0,1.0,1.0,1.0,1.0,1.0
pfa: 0.0

VGG11:
pd: 0.7804861111111111,0.9171875,0.980625,0.9966666666666667,0.9994444444444445,0.9998611111111111,0.9999305555555555,0.9999305555555555,0.9999305555555555,0.9999305555555555,0.9999305555555555,0.9999652777777778,1.0,1.0,1.0,1.0,1.0,1.0,1.0,0.9999652777777778,0.9998958333333333,0.9998958333333333,0.9999652777777778,0.9999652777777778,0.9999652777777778,0.9999652777777778,0.9999652777777778,0.9999652777777778,0.9999652777777778,0.9999652777777778,0.9999652777777778
pfa: 0.0

