cnn_easy:
pd: 0.44131944444444443,0.6660069444444444,0.8539236111111111,0.9563888888888888,0.9918055555555556,0.9990972222222222,0.9999652777777778,1.0,1.0,1.0,1.0,1.0,1.0,1.0,1.0,1.0,1.0,1.0,1.0,1.0,1.0,1.0,1.0,1.0,1.0,1.0,1.0,1.0,1.0,1.0,1.0
pfa: 0.0

VGG11:
pd: 0.7766666666666666,0.9276736111111111,0.9826388888888888,0.9972916666666667,0.9996180555555556,0.9998263888888889,0.9998958333333333,0.9998958333333333,0.9998958333333333,0.9998958333333333,0.9999305555555555,0.9999305555555555,0.9998958333333333,0.9998611111111111,0.9998611111111111,0.9997569444444444,0.9998611111111111,0.9998263888888889,0.9998263888888889,0.9997916666666666,0.9997569444444444,0.9995833333333334,0.9996180555555556,0.9995486111111112,0.9994444444444445,0.9996180555555556,0.9998958333333333,1.0,1.0,1.0,1.0
pfa: 1.5e-05

Resnet18:
pd: 0.6742013888888889,0.8607291666666667,0.9547222222222222,0.9882638888888889,0.9961805555555555,0.9984027777777778,0.9991666666666666,0.9994791666666667,0.9996527777777777,0.9997222222222222,0.9996875,0.9995833333333334,0.9995833333333334,0.9993055555555556,0.9990277777777777,0.9988888888888889,0.99875,0.9981597222222223,0.998125,0.9975347222222222,0.9964930555555556,0.9959375,0.9951736111111111,0.9949652777777778,0.9943402777777778,0.9946875,0.9961458333333333,0.9986458333333333,0.9997222222222222,1.0,1.0
pfa: 0.0

