VGG11_base:
pd: 0.8001041666666666,0.9318402777777778,0.9843402777777778,0.9969097222222222,0.999375,0.9997222222222222,0.9998958333333333,0.9999652777777778,0.9999652777777778,0.9999305555555555,0.9999305555555555,0.9998263888888889,0.9997916666666666,0.9997916666666666,0.9998263888888889,0.9996875,0.9996180555555556,0.999375,0.9993402777777778,0.9993055555555556,0.9991319444444444,0.9991319444444444,0.9989930555555555,0.9991666666666666,0.9995138888888889,0.9995833333333334,0.9997916666666666,0.9999305555555555,1.0,1.0,1.0
pfa: 2e-05

VGG11_course:
pd: 0.5984375,0.8057638888888888,0.9332291666666667,0.9842708333333333,0.9978125,0.9997916666666666,0.9999652777777778,1.0,1.0,1.0,1.0,1.0,1.0,1.0,1.0,1.0,1.0,1.0,1.0,1.0,1.0,1.0,1.0,1.0,1.0,1.0,1.0,1.0,1.0,1.0,1.0
pfa: 3.5e-05

VGG11_course_se:
pd: 0.38645833333333335,0.6417013888888888,0.8470486111111111,0.9552430555555556,0.9896180555555556,0.9983680555555555,0.9996180555555556,0.9999652777777778,1.0,1.0,1.0,1.0,1.0,1.0,1.0,1.0,1.0,1.0,1.0,1.0,1.0,1.0,1.0,1.0,1.0,1.0,1.0,1.0,1.0,1.0,1.0
pfa: 5e-06

VGG11_course_dualse:
pd: 0.4901041666666667,0.7423958333333334,0.9112152777777778,0.9801736111111111,0.9965625,0.999375,0.9997222222222222,0.9999652777777778,1.0,1.0,1.0,1.0,1.0,1.0,1.0,1.0,1.0,1.0,1.0,1.0,1.0,1.0,1.0,1.0,1.0,1.0,1.0,1.0,1.0,1.0,1.0
pfa: 5e-06
