VGG11_base:
pd: 0.00010416666666666667,0.0002777777777777778,0.0010416666666666667,0.0038541666666666668,0.010798611111111111,0.0290625,0.074375,0.17017361111111112,0.3426388888888889,0.5805902777777778,0.8001041666666666,0.9318402777777778,0.9843402777777778,0.9969097222222222,0.999375,0.9997222222222222,0.9998958333333333,0.9999652777777778,0.9999652777777778,0.9999305555555555,0.9999305555555555,0.9998263888888889,0.9997916666666666,0.9997916666666666,0.9998263888888889,0.9996875,0.9996180555555556,0.999375,0.9993402777777778,0.9993055555555556,0.9991319444444444,0.9991319444444444,0.9989930555555555,0.9991666666666666,0.9995138888888889,0.9995833333333334,0.9997916666666666,0.9999305555555555,1.0,1.0,1.0
pfa: 1e-05

VGG11_course:
pd: 0.0,0.0001388888888888889,0.00034722222222222224,0.0015972222222222223,0.004166666666666667,0.012118055555555556,0.03236111111111111,0.0834375,0.18625,0.3645833333333333,0.5984375,0.8057638888888888,0.9332291666666667,0.9842708333333333,0.9978125,0.9997916666666666,0.9999652777777778,1.0,1.0,1.0,1.0,1.0,1.0,1.0,1.0,1.0,1.0,1.0,1.0,1.0,1.0,1.0,1.0,1.0,1.0,1.0,1.0,1.0,1.0,1.0,1.0
pfa: 2e-05

VGG11_course_se:
pd: 3.472222222222222e-05,3.472222222222222e-05,0.00010416666666666667,0.00017361111111111112,0.0008333333333333334,0.0022569444444444442,0.006701388888888889,0.022256944444444444,0.06986111111111111,0.18413194444444445,0.38645833333333335,0.6417013888888888,0.8470486111111111,0.9552430555555556,0.9896180555555556,0.9983680555555555,0.9996180555555556,0.9999652777777778,1.0,1.0,1.0,1.0,1.0,1.0,1.0,1.0,1.0,1.0,1.0,1.0,1.0,1.0,1.0,1.0,1.0,1.0,1.0,1.0,1.0,1.0,1.0
pfa: 0.0

VGG11_course_dualse:
pd: 0.00010416666666666667,0.00020833333333333335,0.0003125,0.0007291666666666667,0.0015972222222222223,0.004166666666666667,0.012152777777777778,0.03822916666666667,0.10673611111111111,0.25083333333333335,0.4901041666666667,0.7423958333333334,0.9112152777777778,0.9801736111111111,0.9965625,0.999375,0.9997222222222222,0.9999652777777778,1.0,1.0,1.0,1.0,1.0,1.0,1.0,1.0,1.0,1.0,1.0,1.0,1.0,1.0,1.0,1.0,1.0,1.0,1.0,1.0,1.0,1.0,1.0
pfa: 0.0